graph:
dir:1; simp:1; eucl:1; int:0; ew:1; vw:0;
scroller:
vdim:1000; hdim:1000; vlinc:10; hlinc:10; vpinc:50; hpinc:50;
vertices:3;
n:1; x:150; y:100;
n:2; x:250; y:200;
n:3; x:300; y:100;
edges:3;
h:3; t:1; e:2; w:150.000000;
h:2; t:1; e:2; w:141.421356;
h:2; t:3; e:2; w:111.803399;
